38
56
1 22.5 22.5
2 37.5 37.5
3 82.5 22.5
4 82.5 37.5
5 97.5 22.5
6 97.5 37.5
7 157.5 22.5
8 142.5 37.5
9 202.5 22.5
10 217.5 37.5
11 277.5 22.5
12 262.5 37.5
13 22.5 82.5
14 22.5 97.5
15 37.5 82.5
16 37.5 97.5
17 82.5 82.5
18 97.5 97.5
19 142.5 82.5
20 142.5 97.5
21 157.5 82.5
22 157.5 97.5
23 202.5 82.5
24 202.5 97.5
25 217.5 82.5
26 217.5 97.5
27 262.5 82.5
28 262.5 97.5
29 277.5 82.5
30 277.5 97.5
31 22.5 157.5
32 37.5 142.5
33 142.5 142.5
34 142.5 157.5
35 157.5 142.5
36 157.5 157.5
37 277.5 157.5
38 262.5 142.5
1 3 1
2 15 1
3 5 0
4 2 1
4 3 0
5 6 0
5 7 1
6 4 0
6 18 1
7 21 1
8 6 1
9 11 1
10 25 1
11 29 1 
12 10 1
13 1 1
13 15 0
14 13 0
15 16 0
15 17 1
16 14 0
16 32 1
17 4 1 
18 16 1
19 8 1
19 21 0
20 19 0
21 22 0
21 23 1
22 20 0
22 35 1
23 9 1
23 25 1
24 22 1 
24 23 0
25 26 0
25 27 1
26 24 0
27 12 1
27 29 0
28 26 1
28 27 0
29 30 0
30 28 0
30 37 1
31 14 1
32 33 1
33 20 1
33 35 1
34 31 1
34 33 0
35 36 0
35 38 1
36 34 0
37 36 1
38 28 1
